# Header Begin
# spekpy version: 2.0.8
# file type: exported_spectrum
# comment: 130keV_20_W_Al0-5
# Inputs
# ------
# Tube Voltage: 130.0 [kVp]; Anode Angle: 20.0 [degrees]; Energy Bin: 0.5 [keV]; Bin shift fraction: None []; Physics Mode: spekpy-v2-casim [str]; Mu Data Source: nist [str]; Target: W [str]; 
# x: 0.0 [cm]; y: 0.0 [cm]; z: 100.0 [cm]; Tube Load: 1.0 [mAs]; Bremsstrahlung Emission: True [bool]; Characteristic Emission: True [bool]; Oblique: True [bool]; Ref. air Kerma: None [uGy]; Ref. fluence: None [Photons cm^-2]; 
# Filtration: [('Be', 1.6), ('Al', 0.5), ('Air', 352)] [mm]; 
# Outputs
# -------
# Fluence: 628743738.6436 [Photons cm^-2];  Air Kerma: 438.2432 [uGy]; Mean Energy: 48.8191 [keV]; 
# First HVL Al: 1.4728 [mm Al];  Second HVL Al: 3.6950 [mm Al];  Homogeneity Coefficient Al: 0.3986 [-]; Effective Energy Al: 25.6108 [keV]; 
# First HVL Cu: 0.0490 [mm Cu];  Second HVL Cu: 0.1516 [mm Cu];  Homogeneity Coefficient Cu: 0.3233 [-]; Effective Energy Cu: 26.2798 [keV]; 
# Spectrum Units:
# [keV], [Photons keV^-1 cm^-2], [Photons keV^-1 cm^-2]
# Header End: 17 lines
1.2500	0.0000	0.0000
1.7500	0.0000	0.0000
2.2500	0.0000	0.0000
2.7500	0.0000	0.0000
3.2500	0.0000	0.0000
3.7500	0.0000	0.0000
4.2500	0.0000	0.0000
4.7500	0.0000	0.0000
5.2500	0.0001	0.0000
5.7500	0.0377	0.0000
6.2500	2.7975	0.0000
6.7500	68.5159	0.0000
7.2500	1427.2770	660.0538
7.7500	5006.0199	71.1410
8.2500	368850.5235	347539.0836
8.7500	81460.1380	13074.9434
9.2500	175871.4493	1123.4080
9.7500	4987933.0153	4613041.8737
10.2500	510719.1808	112738.3291
10.7500	508313.7528	29506.1744
11.2500	2084620.4499	1319830.4633
11.7500	1182385.9657	338651.1528
12.2500	1090071.4367	64075.4607
12.7500	1327592.3928	0.0000
13.2500	1726788.4478	0.0000
13.7500	2174030.9399	0.0000
14.2500	2663703.0355	0.0000
14.7500	3188567.4703	0.0000
15.2500	3733096.8122	0.0000
15.7500	4288158.1676	0.0000
16.2500	4851485.7810	0.0000
16.7500	5415978.1112	0.0000
17.2500	5975302.7620	0.0000
17.7500	6525248.9521	0.0000
18.2500	7061375.2571	0.0000
18.7500	7577666.4564	0.0000
19.2500	8070880.3003	0.0000
19.7500	8538563.6558	0.0000
20.2500	8965729.6688	0.0000
20.7500	9352207.2769	0.0000
21.2500	9710336.7248	0.0000
21.7500	10039731.2914	0.0000
22.2500	10341654.8982	0.0000
22.7500	10616019.1639	0.0000
23.2500	10862878.4384	0.0000
23.7500	11083380.0122	0.0000
24.2500	11277871.7309	0.0000
24.7500	11448120.6074	0.0000
25.2500	11595304.9923	0.0000
25.7500	11720704.5728	0.0000
26.2500	11825488.0706	0.0000
26.7500	11909919.3446	0.0000
27.2500	11975919.9981	0.0000
27.7500	12024284.5700	0.0000
28.2500	12056102.2365	0.0000
28.7500	12073171.6954	0.0000
29.2500	12075818.2387	0.0000
29.7500	12065504.2188	0.0000
30.2500	12036059.0856	0.0000
30.7500	11988552.3676	0.0000
31.2500	11932834.7645	0.0000
31.7500	11868779.4256	0.0000
32.2500	11797556.6893	0.0000
32.7500	11720222.0301	0.0000
33.2500	11636526.9367	0.0000
33.7500	11547845.8567	0.0000
34.2500	11454115.2413	0.0000
34.7500	11356074.0829	0.0000
35.2500	11254704.2100	0.0000
35.7500	11149638.0761	0.0000
36.2500	11041797.5341	0.0000
36.7500	10931635.2751	0.0000
37.2500	10819028.5250	0.0000
37.7500	10705076.3379	0.0000
38.2500	10589208.9288	0.0000
38.7500	10472190.5155	0.0000
39.2500	10354496.0034	0.0000
39.7500	10235602.1295	0.0000
40.2500	10114010.4633	0.0000
40.7500	9989391.5130	0.0000
41.2500	9864988.2203	0.0000
41.7500	9741206.8912	0.0000
42.2500	9617456.1026	0.0000
42.7500	9494519.9590	0.0000
43.2500	9372210.3969	0.0000
43.7500	9250517.9988	0.0000
44.2500	9130006.1186	0.0000
44.7500	9009958.9347	0.0000
45.2500	8890934.4119	0.0000
45.7500	8773092.0412	0.0000
46.2500	8656044.3409	0.0000
46.7500	8540269.5269	0.0000
47.2500	8425321.0593	0.0000
47.7500	8311496.8901	0.0000
48.2500	8199086.3806	0.0000
48.7500	8087576.3784	0.0000
49.2500	7977421.9682	0.0000
49.7500	7868495.7183	0.0000
50.2500	7759818.3389	0.0000
50.7500	7651761.5761	0.0000
51.2500	7544878.7840	0.0000
51.7500	7439339.2154	0.0000
52.2500	7335477.2112	0.0000
52.7500	7232747.9958	0.0000
53.2500	7131473.6323	0.0000
53.7500	7031376.0172	0.0000
54.2500	6932587.6464	0.0000
54.7500	6835297.5959	0.0000
55.2500	6739131.1077	0.0000
55.7500	6644269.5623	0.0000
56.2500	6550752.8943	0.0000
56.7500	6458430.8841	0.0000
57.2500	6367421.6781	0.0000
57.7500	35212944.6251	28935379.1190
58.2500	6188813.4484	0.0000
58.7500	6101556.1869	0.0000
59.2500	57176014.7718	51160686.3445
59.7500	5930284.1699	0.0000
60.2500	5846046.4320	0.0000
60.7500	5762499.2831	0.0000
61.2500	5680439.1573	0.0000
61.7500	5599357.2955	0.0000
62.2500	5519260.5659	0.0000
62.7500	5440432.9004	0.0000
63.2500	5362500.1289	0.0000
63.7500	5285877.9516	0.0000
64.2500	5210218.4068	0.0000
64.7500	5135434.6451	0.0000
65.2500	5061963.8095	0.0000
65.7500	4989273.0454	0.0000
66.2500	4917658.6645	0.0000
66.7500	10843006.3921	5996035.6057
67.2500	16399454.8083	11622464.1998
67.7500	5003623.8584	295272.9676
68.2500	4640406.6004	0.0000
68.7500	4573345.0486	0.0000
69.2500	8679015.9297	4171713.3930
69.7500	4594581.5008	602266.1462
70.2500	3906194.7409	0.0000
70.7500	3857224.0385	0.0000
71.2500	3808616.8854	0.0000
71.7500	3760841.1398	0.0000
72.2500	3713235.6822	0.0000
72.7500	3666308.4899	0.0000
73.2500	3619693.1295	0.0000
73.7500	3573239.7000	0.0000
74.2500	3527416.4715	0.0000
74.7500	3481697.1408	0.0000
75.2500	3436457.7057	0.0000
75.7500	3391608.5871	0.0000
76.2500	3346887.5369	0.0000
76.7500	3302776.9271	0.0000
77.2500	3258813.9180	0.0000
77.7500	3215203.2372	0.0000
78.2500	3172079.2443	0.0000
78.7500	3129081.6080	0.0000
79.2500	3086631.7043	0.0000
79.7500	3044378.0075	0.0000
80.2500	3002299.0065	0.0000
80.7500	2960707.9067	0.0000
81.2500	2919251.1127	0.0000
81.7500	2878237.4094	0.0000
82.2500	2837560.5643	0.0000
82.7500	2797082.4429	0.0000
83.2500	2757143.6335	0.0000
83.7500	2717375.6711	0.0000
84.2500	2677967.4339	0.0000
84.7500	2638945.3482	0.0000
85.2500	2600133.7233	0.0000
85.7500	2561760.9300	0.0000
86.2500	2523617.8619	0.0000
86.7500	2485759.1604	0.0000
87.2500	2448297.6120	0.0000
87.7500	2411062.3177	0.0000
88.2500	2374163.5488	0.0000
88.7500	2337564.9401	0.0000
89.2500	2301204.0179	0.0000
89.7500	2265200.7171	0.0000
90.2500	2229461.5020	0.0000
90.7500	2193992.6175	0.0000
91.2500	2158836.0606	0.0000
91.7500	2123918.4886	0.0000
92.2500	2089281.2745	0.0000
92.7500	2054943.0630	0.0000
93.2500	2020839.5823	0.0000
93.7500	1987023.5389	0.0000
94.2500	1953479.7402	0.0000
94.7500	1920143.8801	0.0000
95.2500	1887131.1190	0.0000
95.7500	1854323.5893	0.0000
96.2500	1821746.6417	0.0000
96.7500	1789466.5410	0.0000
97.2500	1757358.7272	0.0000
97.7500	1725538.2811	0.0000
98.2500	1693941.7199	0.0000
98.7500	1662471.4900	0.0000
99.2500	1631348.4384	0.0000
99.7500	1600357.6473	0.0000
100.2500	1569576.6908	0.0000
100.7500	1539032.8262	0.0000
101.2500	1508618.7300	0.0000
101.7500	1478499.3721	0.0000
102.2500	1448549.2960	0.0000
102.7500	1418743.7269	0.0000
103.2500	1389210.4448	0.0000
103.7500	1359791.2256	0.0000
104.2500	1330618.4104	0.0000
104.7500	1301628.2261	0.0000
105.2500	1272721.4447	0.0000
105.7500	1244105.0320	0.0000
106.2500	1215584.8119	0.0000
106.7500	1187240.2447	0.0000
107.2500	1159075.6814	0.0000
107.7500	1130995.5216	0.0000
108.2500	1103136.4913	0.0000
108.7500	1075409.2633	0.0000
109.2500	1047793.4870	0.0000
109.7500	1020373.9084	0.0000
110.2500	993027.6406	0.0000
110.7500	965851.0147	0.0000
111.2500	938814.5308	0.0000
111.7500	911803.3579	0.0000
112.2500	885013.6594	0.0000
112.7500	858285.2923	0.0000
113.2500	831670.5309	0.0000
113.7500	805190.5356	0.0000
114.2500	778729.7482	0.0000
114.7500	752435.7124	0.0000
115.2500	726224.3920	0.0000
115.7500	700064.1193	0.0000
116.2500	674051.5551	0.0000
116.7500	648054.5028	0.0000
117.2500	622185.6040	0.0000
117.7500	596432.0010	0.0000
118.2500	570672.8062	0.0000
118.7500	545111.8647	0.0000
119.2500	519570.9604	0.0000
119.7500	494128.6791	0.0000
120.2500	468836.6694	0.0000
120.7500	443547.0276	0.0000
121.2500	418461.3186	0.0000
121.7500	393480.7908	0.0000
122.2500	368613.0021	0.0000
122.7500	343971.2058	0.0000
123.2500	319404.2363	0.0000
123.7500	295079.6709	0.0000
124.2500	270931.2708	0.0000
124.7500	246885.6858	0.0000
125.2500	223205.8990	0.0000
125.7500	199642.7315	0.0000
126.2500	176469.3798	0.0000
126.7500	153571.8144	0.0000
127.2500	130727.3167	0.0000
127.7500	109011.2526	0.0000
128.2500	86671.1172	0.0000
128.7500	64835.9082	0.0000
129.2500	42074.5022	0.0000
129.7500	14667.9999	0.0000
